time,x,y,z,phi,theta,psi,x_velocity,y_velocity,z_velocity,phi_velocity,theta_velocity,psi_velocity,rotor_speed1,rotor_speed2,rotor_speed3,rotor_speed4
0.06,-1.35255391349e-08,6.44968999767e-07,10.0014328499,0.000553548120896,6.28279039904,0.0,1.32845196627e-05,5.18179669773e-05,0.0477603721374,0.0231945036608,-0.0249211964256,0.0,420.4811512967963,418.3170942972893,419.5914337537311,421.5998128376519
0.12000000000000001,1.38342282834e-05,1.96731037038e-05,10.0059402256,0.00221303456594,6.28106059372,0.0,0.000600612038626,0.000729021687069,0.10248133086,0.0353523004646,-0.0380919262746,0.0,422.4524618471329,421.31514571536246,422.1823064252483,423.23004637671005
0.18,0.000113241250755,0.000128599654997,10.0194408042,0.00434977108027,6.27905147052,0.0,0.00297640925935,0.00316465939515,0.347493550144,0.0361271088745,-0.0255788292434,0.0,480.0675862829309,481.015569463089,480.91674487335837,480.9758716364211
0.23999999999999996,0.000378148371732,0.000411245530338,10.0421749256,0.00626607253368,6.27754091391,0.0,0.00600065873542,0.00645544886054,0.410287859482,0.0218684087385,-0.0243822125392,0.0,424.28132652124776,424.3838929482432,426.4279766775984,425.2088213034829
0.3,0.000869368512133,0.000942788488615,10.0712990717,0.00724733395269,6.27598028071,0.0,0.0105381838222,0.0113913021749,0.560452885969,0.00205558363052,-0.0294836332573,0.0,453.27986360928577,452.86965469266573,453.21457597367225,451.6195070230018
0.36000000000000004,0.00165241774868,0.00177180880101,10.1072940086,0.00729526584616,6.27431819687,0.0,0.0157325574046,0.0162509761777,0.639335616809,-0.0018413368509,-0.0243565243622,0.0,429.9160004797645,430.34990928766445,431.03365056560494,430.704227807819
0.4200000000000001,0.0027919145881,0.00290265719116,10.149388352,0.00735554569761,6.27276168323,0.0,0.0224091205698,0.021441299329,0.763732238997,0.0061631560345,-0.0293172455189,0.0,446.05601512928234,445.65064235047606,443.8765860279064,444.5328801727034
0.48000000000000015,0.00435882996134,0.00434270156547,10.1982504972,0.00742954260269,6.27112087329,0.0,0.0299940245562,0.0265848218495,0.864932154161,-0.0111150131693,-0.0236721422267,0.0,438.0925405755695,438.56140989286456,438.21593102696465,436.7775075988479
0.5400000000000001,0.00638852426375,0.00607426378165,10.2511784116,0.00665070603497,6.27004580414,0.0,0.0377754176128,0.0310672242723,0.89930396205,-0.0170003317365,-0.00836303547143,0.0,415.96919414118673,417.3075126843904,416.32861438850017,415.8135257226561
0.6000000000000002,0.00901256406753,0.00811281901949,10.3144879589,0.00523828554308,6.26931683043,0.0,0.0497690616711,0.036727437081,1.21073731825,-0.0417038450647,-0.0210675594909,0.0,501.26173410809855,500.337890759255,500.83814029418454,499.03833751270156
0.6600000000000003,0.0122923794988,0.0104157825312,10.3902991878,0.00258173905378,6.26767878204,0.0,0.0597009660811,0.0397727874985,1.31618681617,-0.0499901391055,-0.0442390832324,0.0,441.66501427912016,439.7496810310429,439.87904186122194,439.1912235905121
0.7200000000000003,0.0163041849375,0.0128567941845,10.4784887385,6.28229350777,6.26517503591,0.0,0.0743610912005,0.0411758986985,1.62307591805,-0.0824880132261,-0.037131422272,0.0,499.57304251306863,500.0902463444758,501.24674684209134,498.8774453951155
0.7800000000000004,0.0210672463736,0.0152977171907,10.5745826807,6.27741568983,6.26306768731,0.0,0.0845836149645,0.039790828731,1.58011178454,-0.0790167652521,-0.0313810231105,0.0,391.134594014599,391.6690088569087,391.8175748496779,392.1338185805715
0.8400000000000004,0.026570451163,0.0175458475538,10.6726643718,6.27237194128,6.26136731172,0.0,0.0990376676933,0.0346450378704,1.68911523195,-0.096773547595,-0.0228623818211,0.0,442.534628243375,443.23498440631437,442.36351877844777,440.8930079568319
0.9000000000000005,0.0330608447843,0.0193298105959,10.7811878876,6.26700104341,6.25963162318,0.0,0.117485579418,0.0241436502344,1.92795066219,-0.0779571626894,-0.045224179084,0.0,482.32148412420133,480.62954572581344,481.226972281844,482.6428917674045
0.9600000000000005,0.0407681966755,0.0203114984614,10.9065894477,6.26189468804,6.25725252732,0.0,0.139753374575,0.00793748725792,2.25150145845,-0.105895373488,-0.0303521296443,0.0,507.1096548045618,508.17611704125284,506.0916949392325,504.07155460057294
1.0200000000000005,0.0497051908119,0.020315509564,11.0450319731,6.25515664267,6.25557283682,0.0,0.158321283176,-0.00847238260933,2.36300372863,-0.129897676013,-0.0236547611587,0.0,444.8340464413381,445.3819133416296,446.9806312720199,445.00875480438407
1.0800000000000005,0.0597761935729,0.01920271083,11.1896602055,6.24755946351,6.2539146837,0.0,0.177526982135,-0.0293929800538,2.45770864349,-0.120764984749,-0.0371040776995,0.0,441.14480483066023,440.0326492567226,440.65439834128597,441.3938822399937
1.1400000000000006,0.0710079778823,0.0167158690627,11.3390149051,6.24007294497,6.25193030323,0.0,0.197063471178,-0.0542056259987,2.52060881826,-0.134317202714,-0.02603367755,0.0,431.16973836822183,432.10348564587196,431.22072377101387,430.0595552464573
1.2000000000000006,0.0834872581503,0.0125362850227,11.4933646748,6.23195752669,6.24997254771,0.0,0.219079621557,-0.0859317946753,2.62410405593,-0.137203802594,-0.0510191393859,0.0,445.23178468700854,443.1823747231286,444.83680820171753,444.5834819274102
1.2600000000000007,0.0974304590493,0.00613335528358,11.6567688936,6.22369989464,6.24653485628,0.0,0.2460507869,-0.128433590632,2.82216429196,-0.138486746985,-0.0743920922787,0.0,474.13412914980813,472.3328264831691,474.4555916265478,474.3408476688802
1.3200000000000007,0.113083600323,-0.00302167299153,11.8321561484,6.21539991886,6.2418158175,0.0,0.276236439351,-0.177671956564,3.0234758979,-0.138027402292,-0.0889209104122,0.0,476.3512485023177,475.23433928572763,475.9744164270169,475.9932177465708
1.3800000000000008,0.130722811087,-0.0154284302013,12.0210601655,6.20678867156,6.23780384899,0.0,0.312264851211,-0.236879904076,3.27253313327,-0.15772534883,-0.0415075888307,0.0,488.4682590696673,491.98756671203137,492.362588866389,490.8857115977908
1.4400000000000008,0.150375850107,-0.0312039367853,12.2197118,6.1974631826,6.23540473554,0.0,0.343065616218,-0.289875558837,3.34886595357,-0.151185780573,-0.0371029453225,0.0,440.7499361354221,441.1129929408467,440.0402333550584,440.5581454842813
1.5000000000000009,0.172158976487,-0.0507689191569,12.4277850098,6.18877102983,6.23322426522,0.0,0.383271648191,-0.363307576358,3.58606047956,-0.134554401094,-0.0348598886919,0.0,489.78025676541694,489.94659114985575,489.10560819004166,490.325016263147
1.560000000000001,0.196231176528,-0.0746153700091,12.6465778998,6.18038602062,6.23112439963,0.0,0.419333444391,-0.43239479139,3.70652961139,-0.152946284067,-0.0352748770194,0.0,456.3886077650699,456.35499370837306,458.12358149473926,456.6409320854578
1.620000000000001,0.222411361736,-0.102590422167,12.8706782207,6.17100397684,6.2290526184,0.0,0.453527016917,-0.500969344971,3.76315903301,-0.164267929108,-0.0330797772084,0.0,437.58393688989344,437.76612149939683,438.62751329959013,437.66253224347145
1.680000000000001,0.250903185605,-0.135324355033,13.1021756695,6.16095431435,6.22728579371,0.0,0.496377051747,-0.591228466207,3.95259664994,-0.174874953003,-0.0230252442496,0.0,478.78731516768926,479.5514933735684,480.0043589494729,479.17398462153176
1.740000000000001,0.281982016138,-0.17366229474,13.3446221995,6.15088981373,6.22642211202,0.0,0.539666171116,-0.687778834726,4.12812864867,-0.156351744448,-0.00112943256061,0.0,475.5938314067609,477.26811458390733,476.78486523884067,478.17296698431403
1.8000000000000012,0.315685413387,-0.218051980336,13.5978058264,6.14140088518,6.22579637755,0.0,0.583755478797,-0.792856587457,4.31044244174,-0.162004248832,-0.0452442836822,0.0,482.6532624642566,479.31199880978005,480.4541272544715,480.0036349291371
1.8600000000000012,0.35179810633,-0.268321550093,13.8574335348,6.13240991998,6.22369016061,0.0,0.620205924856,-0.883624053444,4.34348397409,-0.132713871933,-0.0200963824665,0.0,435.51413244354984,437.6119897247174,435.0305284691297,437.4541831792443
1.9200000000000013,0.390371947059,-0.324811381501,14.1230035455,6.1247337688,6.22336914441,0.0,0.665615568572,-1.00013408294,4.5079882875,-0.119782371511,0.0142892677044,0.0,476.10783540554957,478.73170727933433,477.78618797470523,478.75737757810714
1.9800000000000013,0.431648646306,-0.388408543203,14.3980746121,6.11741221925,6.22384864953,0.0,0.710146340559,-1.12046044489,4.66021716865,-0.126934252196,-0.009202935822,0.0,478.0353216753848,476.2415815005693,474.9683351222653,474.40699264868044
2.0400000000000014,0.475363469406,-0.458754953051,14.6784810493,6.10940860886,6.22330598076,0.0,0.747047347029,-1.22510048618,4.68633811293,-0.15120155288,-0.00872943121872,0.0,437.6063588278695,437.6458979768964,440.30952388689934,438.27987787240176
2.1000000000000014,0.521227240916,-0.535319325357,14.9592160213,6.10002341917,6.22297168693,0.0,0.781773109947,-1.32782926755,4.67131149674,-0.169688151621,9.54198438103e-05,0.0,425.80216932871036,426.55665450037776,425.93713119702437,424.3281806020108
2.1600000000000015,0.569046091738,-0.617814554017,15.2368832824,6.08992972213,6.22350880768,0.0,0.812173367824,-1.42282465999,4.58437604458,-0.165461411224,0.0224872259592,0.0,401.2785799407768,403.3063817692711,400.11854348417324,400.47271024344815
2.2200000000000015,0.619052807885,-0.707391974394,15.5155253503,6.08020687912,6.22436233854,0.0,0.854542103141,-1.56400838481,4.70286432892,-0.155977420771,-0.0124971289057,0.0,470.09726968697146,467.37819983722386,468.0754617597472,468.7894462572084
2.2800000000000016,0.671383599852,-0.80493559486,15.7978067871,6.07135828951,6.2235052729,0.0,0.889873257586,-1.6882250844,4.70618650226,-0.134379631071,-0.0181226057817,0.0,434.1892011521577,433.7170218725577,432.7650021707815,434.5580199150036
2.3400000000000016,0.72593996272,-0.910410415449,16.0817356286,6.06338075975,6.22286164826,0.0,0.928722848235,-1.82830195448,4.75755348444,-0.130261545847,0.00101256073946,0.0,449.1165430379674,450.6661877507594,450.2007574880129,450.51786356007244
2.4000000000000017,0.782837439431,-1.02446090776,16.368772405,6.05541526368,6.22371475864,0.0,0.967773424164,-1.97406784527,4.80976866863,-0.13828193393,0.0324134436846,0.0,450.3103026038803,452.8435899496587,451.92030925346893,451.2573042810666
2.4600000000000017,0.842071539867,-1.14748836703,16.6592069783,6.04708820989,6.22558715847,0.0,1.0064686653,-2.1275742139,4.87074395788,-0.139807043011,0.0286772309119,0.0,456.1957332837669,455.8975686708523,455.2182756920087,455.07882815092796
2.520000000000002,0.903305845014,-1.27873696598,16.9484773042,6.03883971364,6.22683562511,0.0,1.03456158538,-2.24808428334,4.77171437031,-0.133181567468,-0.00362470822883,0.0,404.1744127669326,401.25209149387894,403.49644224562354,404.0746349368704
2.580000000000002,0.96643789941,-1.41832542126,17.2356880339,6.03029705258,6.22676333007,0.0,1.06982428903,-2.4055620338,4.80142958877,-0.176047242134,0.00324209111537,0.0,446.2072409535385,446.76758316610864,448.9717360963088,445.4592937599905
2.640000000000002,1.0317087486,-1.56764909529,17.5250623496,6.0202905669,6.22661224367,0.0,1.10582984002,-2.57277925621,4.84367913983,-0.152767755959,-0.0176908249536,0.0,452.9836826015206,451.29700021271464,451.28203890143067,453.1309585248717
2.700000000000002,1.09920452164,-1.72747496402,17.8179332103,6.01107146278,6.22613665833,0.0,1.14405762175,-2.75553561604,4.91780213342,-0.155478631807,0.00666085923704,0.0,462.46010145682095,464.3746351210592,464.27914937151917,464.04517988884726
2.760000000000002,1.16883224764,-1.89768067766,18.1124195273,6.00191544003,6.22676614744,0.0,1.17679853435,-2.91877402092,4.89798812626,-0.14739523235,0.0172230771904,0.0,434.310968067409,435.1959963569162,435.39401418866987,436.04739032603794
2.820000000000002,1.24035270774,-2.07756885671,18.4047089681,5.99259808566,6.22743497791,0.0,1.2071285156,-3.07826936746,4.8447288309,-0.179798511247,-0.00519144430556,0.0,425.1543415762517,423.2290787650136,426.85467705673483,424.054772445609
2.880000000000002,1.31389005738,-2.26826501991,18.6973017096,5.98187613062,6.22763847194,0.0,1.24406958805,-3.27918031224,4.90737511354,-0.176589737038,0.0166009242081,0.0,463.56255693802785,465.27210727020037,463.04248106226834,463.2654710127759
2.940000000000002,1.38945509724,-2.47028068349,18.9905215704,5.97178155739,6.22818578681,0.0,1.27467139924,-3.45554333647,4.86617658132,-0.15533427523,-0.0132744942177,0.0,432.9603558830677,430.4389298933521,431.07986423731694,432.8441907161357
3.000000000000002,1.4671216266,-2.68457636257,19.2859031216,5.96260563237,6.22802514988,0.0,1.31419321439,-3.68838588332,4.97856441619,-0.148520364912,0.012836483653,0.0,481.57987061427843,483.551243409485,482.0278628908295,482.52252145563097
3.0600000000000023,1.54713008575,-2.91291305184,19.5875365569,5.9532011432,6.22823112638,0.0,1.35261828366,-3.92355083214,5.07461484046,-0.183141717092,-0.0325137681211,0.0,482.053988321362,478.61418838582705,481.1963949859077,478.5454812495673
3.1200000000000023,1.62922453816,-3.15426113953,19.8910254524,5.94178485064,6.22646975852,0.0,1.38400009081,-4.12229545158,5.04100252282,-0.210941212131,-0.0236905954352,0.0,441.05052547122165,441.77851913974405,442.03993298427383,439.70604314350805
3.1800000000000024,1.7131810629,-3.40745980528,20.1916088458,5.92939921411,6.22483177647,0.0,1.41465697538,-4.31866890586,4.97783879765,-0.198668846746,-0.0357231979749,0.0,433.852550463418,432.840641150377,431.559939462167,432.55144788509426
3.2400000000000024,1.79906093416,-3.67298591443,20.4892057505,5.91749644114,6.22239742763,0.0,1.44817398746,-4.53315432319,4.94124669929,-0.197808091158,-0.0526577656839,0.0,443.57829912084657,442.1841897998568,443.55375370715086,443.58587251158474
3.3000000000000025,1.88672151643,-3.94998869249,20.7803291369,5.90568781277,6.21907310403,0.0,1.47407766032,-4.70126458193,4.76286865725,-0.194889471944,-0.0615583932235,0.0,394.1750046774009,393.3488501655846,394.44670560338324,394.6729989216097
3.3600000000000025,1.97625832257,-4.23883632052,21.0646499951,5.89360723628,6.21561678526,0.0,1.51076010697,-4.92792538729,4.71362833749,-0.21911127398,-0.0506870984374,0.0,440.78454949505857,441.67989467052075,441.9779059214189,439.93570988753606
3.4200000000000026,2.06786108093,-4.54043366404,21.3433039442,5.88035692272,6.21259661817,0.0,1.54288335022,-5.12637260098,4.57441824238,-0.224531115951,-0.0496434843068,0.0,411.0058521111862,411.09653587379927,411.44650151191246,410.9135652173153
3.4800000000000026,2.16175678321,-4.85593324517,21.6176667007,5.8666457026,6.20953912102,0.0,1.58719473661,-5.3912957739,4.56963032664,-0.237991041404,-0.0537257874801,0.0,459.06972917900566,458.7440488115656,460.7033103229045,459.5873534025587
3.5400000000000027,2.25838271698,-5.1876754206,21.8917735101,5.85348747849,6.20635185282,0.0,1.63390287502,-5.66776368128,4.56577794316,-0.196398269965,-0.0519388938274,0.0,461.8721243594164,462.0113300118313,462.476450195225,465.6942356217483
3.6000000000000028,2.3575979739,-5.53479398373,22.1623195461,5.84142959054,6.20339895913,0.0,1.67348395674,-5.90380370875,4.45167127755,-0.212146697714,-0.0442600569165,0.0,427.9935857025686,428.64518956010977,428.34364647067645,426.96023526216214
3.660000000000003,2.45927852226,-5.8965466545,22.4264411672,5.82883532016,6.20172504595,0.0,1.7159914299,-6.15559249086,4.35142914049,-0.205766888639,-0.00684564296505,0.0,433.9996618885813,437.12898534255834,434.06854795374693,434.5592074625262
3.720000000000003,2.56370842771,-6.27461010926,22.686405335,5.816310048,6.20170417829,0.0,1.76493636829,-6.44741493551,4.31261427316,-0.215509290319,0.0102213390194,0.0,458.41969783615014,459.77421293429813,458.9503159291966,458.134653073758
3.780000000000003,2.67095977606,-6.66984060166,22.9427131554,5.8040283487,6.20236799807,0.0,1.80998228538,-6.72786871926,4.22975842826,-0.188967795292,0.0126972194698,0.0,446.8839627447097,447.08566074429797,445.6580168289603,447.78105875020344
3.840000000000003,2.78112143605,-7.08342168538,23.1963726804,5.79223422184,6.2033585443,0.0,1.86186546896,-7.05890839871,4.22376036905,-0.219510263216,0.0232113277367,0.0,476.2761146940894,477.07967396249546,476.8536246289045,474.47805785159653
3.900000000000003,2.89417366281,-7.51597749914,23.447355734,5.77982651445,6.20479144965,0.0,1.90633204635,-7.3605198998,4.14090633214,-0.189104872783,0.0251898353184,0.0,453.3844975075817,453.5435278566073,453.3638230308984,455.7589087589719
3.960000000000003,3.01006284455,-7.96811891211,23.6954555768,5.76904563095,6.20665785513,0.0,1.95633986162,-7.7115179469,4.12714414143,-0.165501132126,0.0408857800841,0.0,481.2761722640625,482.4632493400215,479.50192963600875,481.2631254852801
4.020000000000002,3.12878934091,-8.44083870526,23.9412680205,5.75921717349,6.210492012,0.0,2.00079015067,-8.04648625353,4.06499881194,-0.160623322452,0.0899015617329,0.0,467.05621745902107,470.8668593927701,468.82351384126173,469.1784133238684
4.080000000000001,3.24975804537,-8.93154295399,24.1791475515,5.74941765995,6.2161175752,0.0,2.03107379527,-8.31132987319,3.86369150265,-0.169356657529,0.100528648903,0.0,421.99668637272987,422.92121611115067,421.75590451162077,420.97355261006726
4.14,3.372778803,-9.44085460689,24.4090465025,5.73979775984,6.22242036365,0.0,2.06891968628,-8.66639547461,3.79785131143,-0.146612789396,0.112816933598,0.0,473.016932092722,473.9713886122542,472.1608874610764,473.88964995052777
4.199999999999998,3.49783654348,-9.97083849016,24.633384219,5.73121237954,6.22985524004,0.0,2.09896541273,-9.00049006551,3.67870321842,-0.136846048871,0.139954813804,0.0,457.19153510864845,459.36229546296835,458.3066307252076,459.06402705657547
4.259999999999997,3.62461188653,-10.5217050833,24.8514051854,5.72413428147,6.23889303818,0.0,2.1259702766,-9.3623613034,3.58707997709,-0.0949017494092,0.166213000271,0.0,470.6847582515204,472.73252907685855,469.75845794123984,472.987967056189
4.319999999999996,3.75275288034,-11.0936385874,25.0623924891,5.71905197512,6.24934742057,0.0,2.14445413901,-9.702837691,3.44471367745,-0.0696408111836,0.186756371548,0.0,456.50201266671894,458.16672510231984,455.5917071084756,457.60165949467165
4.379999999999995,3.88179911168,-11.6860403613,25.2644392857,5.71483858599,6.26048138501,0.0,2.15608855943,-10.0446811537,3.2891659609,-0.071413391316,0.183076454891,0.0,455.33043814475883,455.06835649318305,454.48570749155186,454.33992339427016
4.439999999999993,4.01134175269,-12.2990914628,25.4569050459,5.71003250636,6.27195792762,0.0,2.16100464461,-10.3912039045,3.12529167441,-0.109633961761,0.204002678233,0.0,454.04914772068827,455.75967212204944,455.2861725013867,452.21104167389154
4.499999999999992,4.1409712447,-12.9331061337,25.6392965858,5.70308288749,0.000819827646078,0.0,2.15891693377,-10.7435507404,2.95312882952,-0.132589964384,0.193436571696,0.0,454.7518128504673,453.94280826901195,455.0107883966654,453.1565583578009
4.559999999999991,4.27026471156,-13.5885449529,25.8112218482,5.69555745652,0.0125760142992,0.0,2.14984876307,-11.1053652912,2.77622471548,-0.113988014457,0.200511302691,0.0,455.100671434216,455.70319785893264,455.7059178603922,457.1768660025658
4.6199999999999894,4.39879675148,-14.2662653431,25.9727980914,5.68865483944,0.0245629389929,0.0,2.13348511418,-11.4862266644,2.60801791701,-0.117240992712,0.198284820701,0.0,462.8419600976158,462.7039818730718,463.00037780897327,462.73304358484955
4.679999999999988,4.52621840568,-14.9652342512,26.1213040732,5.68130897165,0.0364278031651,0.0,2.11303108247,-11.8140473312,2.34117737153,-0.135611293789,0.19665320119,0.0,429.1987502861695,429.0999643519991,430.5029925927693,428.9307533826642
4.739999999999987,4.652263004,-15.6837597063,26.2530313871,5.67328929663,0.0480277732978,0.0,2.08763426017,-12.1382080774,2.04869730438,-0.13002529588,0.185705181142,0.0,422.56390829450527,421.65723597536265,421.8486300631455,422.31339350372446
4.799999999999986,4.77658241023,-16.4224616079,26.3676200396,5.66516617185,0.0594519857676,0.0,2.05552511537,-12.4865441653,1.76960372941,-0.149134262736,0.198436032818,0.0,429.2611634738932,430.3769792920265,431.96601268871603,430.3330564111391
4.859999999999984,4.89873318491,-17.1830181295,26.4661317178,5.65599807732,0.0720253435344,0.0,2.01523015037,-12.8665888964,1.51232403964,-0.161374299643,0.225610292876,0.0,442.04673162869665,444.3236457522577,443.3029940025417,442.27341288609796
4.919999999999983,5.01817228163,-17.9673930875,26.5498768247,5.64593080874,0.0858725947826,0.0,1.96497913543,-13.2803751371,1.27690692371,-0.18540407608,0.239513082192,0.0,455.37696140428403,456.5393448947107,457.8878117745604,455.9447125930612
4.979999999999982,5.13449737335,-18.7759841976,26.617888495,5.63511926375,0.100344563088,0.0,1.91146975029,-13.6739630601,0.987997565901,-0.171414235359,0.244369079149,0.0,441.7460238298709,442.2048583678017,440.9361566207001,442.05903970393126
5.0399999999999805,5.24755138491,-19.6075606359,26.6669454468,5.62447522432,0.115152713741,0.0,1.85600499587,-14.0467814942,0.645360480066,-0.193367836329,0.251263555996,0.0,424.732684731572,425.3877502355698,427.2721942739047,425.36322125929445
